-8 -8 -8 -8 -8 -8 -8 -8 -8 -8 -8 -8 -8 -8 -8 -8 
-7 -7 -7 -7 -7 -7 -7 1 -7 -7 -7 -7 -7 -7 -7 -7 
-6 -6 -6 2 -6 -6 -6 2 -6 -6 -6 2 -6 -6 -6 -6 
-5 -5 -5 3 -5 -5 -5 11 -5 -5 -5 3 -5 -5 -5 -5 
-4 -4 -4 12 -4 -4 -4 -20 -4 -4 -4 12 -4 -4 -4 -4 
-3 -3 -3 13 -3 -3 -3 -11 -3 -3 -3 13 -3 -3 -3 -3 
-2 -2 -2 22 -2 -2 -2 -10 -2 -2 -2 22 -2 -2 -2 -2 
-1 -1 -1 23 -1 -1 -1 -1 -1 -1 -1 23 -1 -1 -1 -1 
0 0 0 0 0 0 0 0 0 0 0 0 0 0 0 0 
1 1 1 1 1 1 1 9 1 1 1 1 1 1 1 1 
2 2 2 10 2 2 2 10 2 2 2 10 2 2 2 2 
3 3 3 11 3 3 3 19 3 3 3 11 3 3 3 3 
4 4 4 20 4 4 4 -12 4 4 4 20 4 4 4 4 
5 5 5 21 5 5 5 -3 5 5 5 21 5 5 5 5 
6 6 6 30 6 6 6 -2 6 6 6 30 6 6 6 6 
7 7 7 31 7 7 7 7 7 7 7 31 7 7 7 7 
